image: work0.pgm
resolution: 0.050000
origin: [-126.691638, -72.634924, 0.000000]
negate: 0
occupied_thresh: 0.65
free_thresh: 0.196

